1 10
100 200
201 210
900 1000
100000 9000
302 402
402 502
502 602
602 702
702 802
802 902
902 1002
1002 1102
1102 1202
111 111
999901 998901
999801 998801
999701 998701
1 2
1 1
10 20
11 21
12 22
13 23
14 24
15 25
16 26
17 27
18 28
19 29
20 30
21 31
22 32
23 33
24 34
25 35
26 36
27 37
28 38
29 39
30 40
31 41
32 42
33 43
34 44
35 45
36 46
37 47
38 48
39 49
40 50
41 51
42 52
43 53
44 54
45 55
46 56
47 57
48 58
49 59
50 60
51 61
52 62
53 63
54 64
55 65
56 66
57 67
58 68
59 69
60 70
61 71
62 72
63 73
64 74
65 75
66 76
67 77
68 78
69 79
70 80
71 81
72 82
73 83
74 84
75 85
76 86
77 87
78 88
79 89
80 70
90 80
100 91
101 100
105 205
2000 900
100 98
1 100
2 200
3 5
1 999999
